30275218
30271143
30259520
30248666
30227844
30213715
30208437
30197514
30196899
30194211
30188029
30187038
30157366
30155585
30149295
30146323
30143303
30143249
30140813
30139568
30131104
30122857
30122437
30113499
30093211
30087071
30086051
30068488
30057178
30050646
30044187
30037640
30033301
30017331
30005094
30004030
29995794
29990972
29990970
29983561
29981601
29979441
29973069
29970646
29970434
29969205
29962469
29950833
29948451
29945051
29940244
29937179
29937165
29929166
29924242
29923981
29921384
29901106
29894725
29893649
29890272
29889978
29885982
29883824
29879526
29869757
29858098
29857469
29854577
29846343
29844672
29805730
29805721
29801639
29792650
29775835
29774943
29771808
29767650
29764445
29763901
29761503
29752021
29747042
29746502
29746429
29745934
29745933
29745932
29745931
29745929
29742652
29733952
29722640
29715088
29708939
29705328
29705325
29703622
29699564
29695230
29685759
29685527
29685023
29680384
29670952
29666990
29660918
29659611
29658076
29652833
29650418
29635253
29634309
29633004
29632559
29626594
29620550
29619816
29619815
29619814
29617590
29600477
29599360
29587771
29582811
29581969
29575297
29570525
29568909
29568842
29566715
29563752
29563372
29561463
29556769
29554655
29551418
29549941
29549555
29548342
29547502
29536242
29532597
29530346
29525697
29519431
29517660
29504386
29501962
29496005
29484661
29480363
29461364
29453555
29442706
29439668
29436706
29433060
29432339
29420546
29420428
29419328
29413608
29408642
29406415
29403275
29397879
29397091
29394948
29394144
29393337
29384878
29381870
29380691
29378537
29374723
29374687
29370788
29369752
29359385
29353083
29349071
29346155
29346145
29343949
29343145
29342393
29338124
29335393
29335392
29330940
29330630
29326057
29320595
29318418
29317074
29313120
29309435
29308927
29302727
29301699
29301325
29292170
29288614
29286351
29285863
29283336
29278606
29278025
29277807
29277751
29269662
29268142
29267674
29266633
29266509
29265918
29264624
29258720
29257758
29253923
29249869
29248101
29248016
29242018
29240862
29237455
29232698
29229138
29229091
29223469
29219022
29218857
29217439
29215838
29212688
29211405
29207984
29205014
29197159
29193279
29193144
29188579
29185227
29183538
29181652
29180799
29178398
29177714
29174361
29171968
29168922
29165881
29165044
29164146
29162142
29161293
29160427
29159979
29157742
29157266
29155641
29154232
29153594
29153395
29150040
29149865
29145317
29140840
29139242
29138559
29137800
29137079
29135345
29133392
29126038
29125214
29120491
29119841
29115642
29111382
29111161
29110711
29108718
29108686
29108545
29107354
29104478
29103291
29102988
29098740
29096999
29096104
29094042
29092994
29091474
29084313
29082602
29080996
29079395
29077784
29074273
29074037
29072124
29069539
29069144
29066887
29066122
29063760
29061014
29057436
29053109
29043438
29042775
29039593
29037627
29037410
29036006
29032913
29032693
29031152
29030300
29028786
29027153
29027138
29019584
29019118
29019111
29019106
28991079
28990746
28986751
28984619
28982894
28980496
28980321
28975871
28975434
28974155
28971453
28971448
28971446
28971442
28969639
28967566
28965719
28964837
28961038
28954794
28949255
28946535
28945618
28945176
28945166
28944765
28943002
28940461
28939348
28936905
28936563
28935760
28935135
28934251
28928042
28927782
28926387
28918723
28918085
28917284
28917283
28917281
28917280
28916501
28915951
28914298
28912896
28912893
28905211
28905164
28902030
28902019
28901314
28895112
28894956
28894366
28892246
28891351
28890412
28885961
28884736
28884638
28883300
28882659
28874635
28873151
28871428
28870927
28870786
28867377
28866477
28862977
28862043
28860045
28854496
28853010
28852312
28850197
28849389
28847527
28844602
28843620
28841022
28840301
28840125
28839460
28839459
28837765
28832866
28830230
28827014
28826166
28823554
28820681
28819458
28817495
28815259
28812240
28807447
28807243
28802550
28801387
28800434
28800194
28799004
28793806
28793039
28789857
28788941
28787664
28781149
28779958
28774512
28767043
28766896
28764975
28759136
28756194
28747452
28746234
28743235
28743181
28742052
28741598
28741596
28740998
28740543
28739443
28739379
28738712
28738356
28737098
28735734
28735428
28734678
28730231
28727542
28722819
28721041
28716432
28715968
28714565
28713101
28713098
28709979
28708319
28705555
28699626
28695617
28695394
28689117
28688985
28688873
28685560
28685283
28684911
28684680
28681404
28679643
28679178
28678948
28678329
28675807
28674789
28673433
28673220
28669065
28668284
28665289
28664791
28664790
28664645
28663143
28659052
28656906
28654938
28654336
28654211
28652729
28650749
28650573
28646841
28643045
28641910
28639902
28638983
28638483
28637567
28634056
28633808
28633773
28633589
28633297
28633136
28632659
28629893
28628712
28625829
28625619
28625412
28624046
28622968
28622839
28620685
28619470
28619277
28616725
28610543
28608388
28606724
28604815
28604147
28603416
28601307
28600899
28599045
28598900
28591886
28591884
28590938
28590796
28590788
28586628
28582919
28575496
28574821
28566498
28560703
28560593
28557798
28557569
28549050
28546045
28545858
28543092
28541191
28540836
28540830
28540826
28540823
28540816
28540814
28540811
28540806
28540804
28540800
28540799
28540791
28540790
28540785
28540781
28540779
28540778
28540777
28538365
28538271
28536215
28535431
28535418
28533126
28532896
28531088
28529642
28529636
28529631
28527736
28524865
28513646
28511874
28511267
28504325
28501254
28501134
28499993
28499816
28499604
28498208
28487350
28486218
28485865
28479096
28479088
28475107
28474067
28468256
28464527
28464525
28463159
28463085
28461063
28460711
28460622
28457632
28457630
28456089
28453348
28451817
28449703
28448752
28448428
28442904
28442212
28439928
28439616
28437003
28436128
28433438
28433437
28432330
28430535
28430350
28429681
28429263
28425558
28423126
28419814
28419679
28419399
28415501
28415433
28412225
28411450
28411306
28409831
28408061
28405683
28404580
28401738
28400138
28399919
28398471
28397061
28395984
28395970
28395964
28395234
28395232
28393331
28391423
28391380
28390769
28390119
28385939
28385267
28384646
28384210
28383447
28382173
28379665
28378983
28374909
28374415
28372484
28372309
28370375
28368991
28367847
28367792
28365962
28363771
28362580
28361613
28356516
28355119
28355100
28350785
28348110
28347531
29862679
28343018
28342751
28342566
28342558
28342015
28341966
28341624
28340680
28340312
28340308
28338392
28335790
28333127
28332353
28331308
28328497
28326895
28324285
28323810
28323638
28322514
28320674
28319508
28318889
28315061
28306552
28301865
28301803
28301597
28297832
28295626
28287120
28286048
28284421
28281840
28279642
28276641
28275083
28272454
28272029
28269536
28268997
28268057
28267526
28267002
28266079
28265776
28264725
28258616
28258592
28257990
28256923
28255360
28255351
28255346
28254692
28254565
28254230
28252638
28251250
28248044
28247168
28244018
28244011
28242510
28236599
28236104
28234908
28231079
28230009
28229232
28228381
28228199
28225581
28223795
28223424
28222738
28219723
28218292
28216687
28213775
28213004
28211128
28210800
28210074
28209329
28209068
28206731
28198587
28198141
28196061
28191279
28187393
28186470
28183672
28179157
28168311
28167319
28167318
28166948
28166812
28160203
28160138
28159329
28157634
28155894
28151729
28150461
28150435
28145889
28144143
28142347
28139939
28139763
28139338
28138766
28134628
28133345
28133016
28132005
28131668
28128891
28124576
28124449
28124435
28121624
28120520
28120053
28118806
28118736
28114454
28113287
28113219
28112791
28109895
28109894
28103642
28098079
28095955
28095924
28095532
28093636
28092994
28090757
28090656
28088668
28086110
28084693
28084136
28084010
28078950
28078848
28077116
28076462
28075090
28074839
28074179
28072694
28072572
28069501
28069221
28069201
28069193
28068444
28067975
28063191
28062179
28058731
28058545
28056401
28054529
28054527
28054524
28052042
28050551
28044205
28042338
28042325
28042312
28039716
28035912
28035695
28033371
28033247
28032342
28032198
28029663
28029523
28027959
28027846
28027610
28026048
28024732
28024395
28017260
28010820
28010810
28009681
28009680
28009150
28008728
28007631
28004000
28003211
28002162
28000983
27999801
27998104
27998076
27997415
27995900
27995752
27995450
27995449
27992805
27992304
27987749
27986628
27984104
27982516
27981275
27979666
27977849
27974012
27966462
27960590
27959450
27958433
27955656
27943148
27938990
27936948
27932366
27924157
27924155
27922119
27916169
27916165
27916069
27915382
27915068
27914154
27913947
27913330
27913213
27912130
27910920
27910725
27909289
27906610
27906510
27900630
27896512
27896510
27888932
27888931
27888929
27888928
27888926
27885825
27884720
27879041
27877241
27875983
27874299
27873169
27866658
27866109
27864747
27860462
27860353
27858099
27856283
27855337
27846403
27845920
27845508
27841792
27840981
27839555
27836894
27833160
27825050
27824574
27824237
27824235
27816247
27815679
27814934
27771465
27744037
27641221
27807291
27649485
27625295
27608749
27806300
27805805
27804180
27401448
27338748
27272443
27027308
27802108
27798785
27797787
27530397
26825281
27794165
27792415
27792292
27716880
27637461
27787523
27784190
27782702
27782686
27780661
27779134
26179296
27779544
27777197
27638337
27636556
27609656
27551954
27775086
27770883
27729291
27026212
27721046
27618711
27768971
27766442
27766022
27765310
27761805
27758713
27756865
27740941
27657480
27756009
27754394
27722511
27686583
27667179
27320384
27309776
27748432
27745716
27743214
27742516
27741435
27741129
27739048
27735129
27727026
27727020
27723374
27721008
27720531
27718263
27718032
27712923
27712914
27710967
27707723
27705085
27703351
27699844
27696857
27694164
27692307
27690303
27690290
27687746
27687734
27680203
27672011
27670895
27667655
27666788
27665217
27663393
27662701
27659802
27657929
27655480
27648506
27646023
27644935
27643992
27642033
27639439
27639434
27638671
27636922
27635161
27633880
27633577
27632039
27630267
27630037
27629074
27627753
27627698
27627577
27627184
27626679
27621625
27621238
27621039
27614237
27612683
27609166
27602767
27600619
27600474
27597128
27595112
27593511
27593509
27592560
27591931
27589927
27587968
27587036
27586131
27585790
27580168
27576210
29727111
29345882
27575538
27573036
27570426
27570246
27570191
27569096
27567745
27567615
27567204
27566038
27566037
27566018
27560292
27557301
27556780
27556507
27555768
27552838
27552352
27547154
27545750
27544576
27543919
27543259
27542282
27542255
27541633
27538905
27538474
27535093
27535072
27530297
27525269
27524666
27524082
27523991
27521875
27521134
27520071
27519353
27514097
27511869
27511451
27511042
27509500
27506661
27503734
27500435
27498719
27496614
27495744
27494561
27493955
27492859
27492497
27488373
27487625
27487281
27484113
27481537
27480599
27480322
27478843
27478340
27475195
29984956
27474210
27472649
27471120
27469394
27456341
27455648
27455617
27455612
27455134
27453263
27452478
27451475
27448780
27448457
27447800
27446503
27446485
27443328
27442052
27441949
27441427
27440151
27439884
27439333
27436449
27436020
27436018
27434960
27434189
27432649
27431328
27427753
27427416
27427175
27422197
27420752
27419138
27418688
27418429
27418409
27418322
27418208
27416729
27416634
27415829
27412787
27412631
27411731
27411568
27408610
27404050
27403866
27402436
27402264
27402210
27401452
27400464
27399328
27398434
27394161
27391071
27390884
27389703
27385316
27384678
27383218
27383214
27382828
27382746
27381751
27381362
27381171
27380753
27380542
27380284
27380148
27377758
27377242
27376284
27376247
27375782
27370138
27367940
27367874
27365028
27364401
27363772
27362668
27358565
27358283
27357800
27356586
27353655
27353347
27353199
27352205
27351138
27347669
27343000
27342827
27336752
27335279
27331236
27328404
27323975
27321502
27321373
27313067
27312037
27306500
27301243
27301176
27298649
27298288
27297945
27297640
27297134
27294601
27294536
27289539
27289429
27289344
27288818
27285983
27283181
27279904
27277337
27276383
27274229
27273951
27272775
27272685
27269885
27269515
27269303
27269053
27268850
27264884
27264551
27264414
27263444
27262850
27260244
27256519
27250198
27250156
27250022
27248848
27248025
27248024
27247188
27246457
27246305
27245201
27243349
27237206
27234890
27234860
27234859
27233902
27230124
27230046
27217837
27217004
27212211
27210742
27210733
27209510
27208705
27208605
27208443
27207018
27199557
27199087
27198462
27197743
27196464
27193939
27193381
27192459
27191383
27191374
27188744
27186881
27180354
27179924
27179167
27178947
27177219
27177098
27175076
27174899
27174624
27174419
27174006
27172744
27172277
27172084
27171468
27168269
27166017
27165455
27162549
27162548
27160847
27160778
27160706
27160355
27158083
27156900
27151045
27150820
27150772
27150756
27150744
27147222
27145871
27144498
27140521
27138749
27138212
27137523
27136046
27135352
27134130
27134036
27134016
27133772
27132465
27132072
27130989
27130839
27128245
27127045
27126980
27126411
27126239
27126126
27121920
27121655
27119676
27115785
27111960
27111871
27111420
27111181
27110915
27110892
27107402
27105792
27103308
27102814
27102358
27100962
27099078
27098923
27098338
27097663
27097528
27094685
27094495
27087693
27087666
27087631
27086587
27086201
27080072
27078139
27077981
27073063
27071565
27067417
27063021
27062076
27061290
27059045
27056558
27056204
27056069
27055946
27053095
27052968
27052682
27051055
27050781
27050712
27048701
27048220
27046437
27045433
27044447
27043935
27042065
27040263
27039688
27039402
27038770
27037721
27036888
27036213
27033872
27031929
27029428
27028834
27025900
27023159
27016293
27015154
27013194
27012462
27010331
27009941
27009940
27009455
27004915
27002950
27002665
27001189
26998651
26997424
26997257
26996250
26995155
26988374
26985696
26984715
26982889
26982735
26979635
26977496
26976046
26975738
26971745
26969080
26968911
26967960
26966891
26965304
26962636
26960802
26957502
26957499
26955826
26952432
26951947
29931890
26945256
26944529
26943026
26941842
26939993
26939326
26937591
26936737
26936722
26933761
26930375
26929104
26928474
26927794
26923220
26921089
26920385
26919243
26918365
26917783
26917007
26916779
26916774
26915594
26915466
26915062
26913716
26912149
26910903
26910582
26910293
26909114
26908405
26907833
26906240
26906083
26905963
26905875
26903574
26902022
26901558
26899950
26898841
26898561
26897513
26893557
26893130
26892588
26892261
26892114
26891768
26891272
26888275
26887448
26886904
26883560
26871973
26868027
26862667
26860492
26856858
26854572
26854190
26852501
26852219
26850697
26847729
26846106
26845428
26845393
26844612
26842489
26841709
26841528
26839374
26838477
26836010
26831185
26830427
26822373
26817877
26817081
26814978
26813418
26811847
26811651
26811077
26808211
26806751
26804119
26803991
26803476
26803408
26803389
26799128
26795033
26794618
26794418
26786890
26786082
26786033
26786032
26782353
26780790
26779722
26778767
26778462
26777228
26776435
26775909
26775369
26774470
26769848
26766814
26765160
26763271
26763187
26759297
26758242
26758036
26757987
26757879
26756756
26755821
26755082
26754458
26754406
26753751
26750613
26748259
26744106
26743355
26742893
26741344
26739509
26737052
26736817
26736815
26736164
26733053
26731575
26727921
26726929
26726809
26725004
26723356
26722372
26720714
26720500
26719861
26718487
26718327
26717938
30272874
29787001
29537781
29215255
28324929
26717008
26716568
26715639
26715024
26714982
26714958
26714951
26713719
26713568
26713510
26711881
26710749
26708742
26708642
26708630
26708472
26707839
26706240
26703507
26701670
26698380
26697612
26694904
26688507
26687978
26687020
26682422
26682384
26681988
26681640
26679388
26678406
26677324
26676561
26673444
26673283
26672267
26670862
26670850
26670848
26670845
26670720
26670625
26670477
26670340
26669784
26663089
26659827
26659245
26659073
26658133
26658073
26656677
26656610
26655511
26654941
26654549
26653990
26653935
26649070
26646626
26646625
26646051
26644262
26644170
26637096
26632846
26632451
26631871
26628430
26618756
26614889
26612546
26608883
26608803
26606445
26605827
26604760
26603628
26603315
26600370
26599823
26597660
26595815
26591218
26586863
26584976
26584748
26584482
26583487
26582275
26578361
26578234
26577120
26577007
26576973
26576970
26576799
26576520
26575137
26573798
26572754
26572753
26572082
26571843
26571841
26571838
26571324
26566054
26565984
26565406
26556647
26556382
26555870
26555005
26552908
26551334
26549399
26547890
26547277
26546345
26545717
26545375
26543248
26543247
26542601
26542584
26542015
26541641
26541464
26540558
26540488
26540256
26535913
26531737
26530047
26526969
26526417
26525652
26524223
26522972
26521719
26518278
26517561
26517350
26515223
26513683
26513410
26510956
26509683
26507458
26504041
26501992
26501916
26501876
26500075
26499282
26499278
26499271
26499058
26498630
26498063
26493542
26491673
26489965
26489556
26489364
26488908
26486698
26486350
26486349
26486347
26486335
26486334
26486333
26486332
26486331
26486330
26486329
26485753
26485398
26485168
26481447
26480848
26476975
26476464
26475090
26474110
26471394
26471016
26470404
26468991
26468627
26468258
26468172
26467919
26461254
26459767
26456890
26454624
26454392
26454052
26453145
26451008
26447460
26446870
26446799
26445930
26444197
26445287
26442921
26442634
26439259
26438092
26437330
26437078
26436740
26436739
26436738
26436502
26435333
26432438
26431798
26431204
26430876
26429720
26427984
26425093
26423402
26419675
26418578
26418550
26416812
26416709
26415128
26414998
26413538
26410485
26406354
26406018
26406011
26405987
26405715
26403700
26403406
26403166
26402300
26399118
26398366
26396170
26395038
26394264
26394060
26391553
26391138
26390040
26387012
26385662
26384809
26384808
26384807
26384686
26383087
26382910
26382146
26377153
26375923
26374945
26371501
26369958
26368277
26368014
26367772
26367457
26367393
26367194
26367074
26366792
26364443
26362589
26357531
26357530
26355627
26354715
26352384
26352171
26351900
26351784
26350754
26349870
26349583
26347129
26345920
26342838
26341380
26340453
26339804
26328964
26328307
26328306
26327304
26325304
26322900
26318560
26318039
26315744
26315743
26315383
26315288
26313526
26313490
26313402
26312969
26311565
26309184
26308617
26306908
26306782
26296672
26295144
26291977
26289808
26287946
26284310
26280950
26278017
26274508
26274053
26268462
26267682
26267513
26267068
26265191
26263848
26259902
26257234
26256741
26256259
26256205
26254399
26254295
26253528
26251996
26251127
26248507
26247076
26245485
26244783
26242169
26242165
26242152
26239496
26238444
26235410
26233216
26233196
26231227
26230890
26227745
26223931
26223271
26222095
26221743
26218130
26206821
26204742
26204419
26204324
26200565
26200525
26198899
26198895
26193962
26193000
26192738
26192152
26186875
26186867
26185910
26184846
26184701
26179806
26179778
26179286
26178341
26178340
26178339
26178318
26169839
26168180
26168177
26166458
26164416
26164316
26164288
26162907
26161801
26160727
26160057
26158151
26157018
26157017
26156211
26155952
26155313
26155311
26155310
26152773
26152590
26152388
26149314
26148758
26147153
26146094
26143715
26143111
26140399
26140398
26139505
26139296
26135323
26134740
26133986
26133635
26133614
26132082
26130405
26126990
26126722
26125454
26123312
26121336
26120902
26119274
26119129
26117941
26115128
26113390
26113389
26112918
26112625
26111989
26110629
26108081
26108080
26108079
26108078
26108077
26107191
26107088
26102394
26100819
26099773
26096859
26096633
26095305
26095255
26094557
26094501
26093678
26091936
26088651
26088400
26088224
26087851
26082052
26080693
26079528
26077300
26073117
26072367
26071619
26070919
26066967
26066755
26066616
26065820
26065316
26063407
26058030
26054983
26052056
26051911
26051846
26051744
26051730
26051573
26051337
26051334
26051333
26051331
26051328
26051309
26050604
26050602
26044873
26044461
26040967
26040256
26039223
26033596
26032500
26031508
26031204
26029987
26027637
26027427
26027323
26027226
26027099
26026818
26026742
26021094
26018389
26014158
26009885
26006216
26005316
26004546
26003804
26002305
26001885
26000973
25995079
25994689
25993644
25993612
25992445
25987496
25986554
25986432
25984900
25983260
25982485
25982144
25979016
25979014
25976053
25975276
25971283
25970562
25968168
25968050
25966193
25964834
25962234
25960002
25959578
25959056
25958973
25957755
25957547
25956935
25955850
25955642
25954850
25952642
25951495
25950698
25950231
25948159
25946908
25944676
25941983
25936402
25935023
25929995
25927173
25925994
25925790
25924016
25921674
25921419
25921126
25919037
25915913
25912988
25911884
25907347
25906941
25906357
25906100
25904608
25902193
25901548
25901538
25900383
25900323
25900072
25899982
25896813
25895864
25893831
25893568
25893447
25892389
25890888
25889315
25887004
25886761
25884781
25882881
25880977
25880479
25876664
25875425
25875224
25875223
25874957
25868243
25867070
25866782
25864884
25862892
25857583
25851433
25846712
25844857
25844714
25842586
25841974
25841570
25840122
25839226
25839089
25838253
25837756
25837008
25836990
25835758
25834435
25826652
25825987
25824309
25821805
25818352
25818329
25817532
25817123
25815615
25815582
25813532
25811736
25809744
25809056
25808561
25808497
25807764
25805298
25805297
25804709
25804124
25803674
25801060
25799287
25796375
25796147
25793532
25792827
25792225
25787986
25786982
25785992
25785194
25784106
25781412
25775687
25775686
25775366
25775365
25774889
25774822
25774032
25773988
25773956
25771334
25771009
25769334
25768694
25768327
25766571
25766212
25764613
25759124
25758436
25758333
25758178
25754814
25753877
25753370
25753369
25753368
25752772
25752673
25748743
25746912
25744781
25742559
25740582
25736917
25736848
25736117
25735560
25731376
25728459
25727403
25726934
25726878
25724753
25723905
25719540
25716770
25716769
25716768
25715732
25715366
25715364
25712125
25711065
25710485
25708448
25707973
25707817
25707816
25707815
25706401
25705947
25705824
25704482
25704224
25703389
25702649
25702201
25701528
25700469
25700435
25700132
25699397
25699378
25699095
25698402
25697763
25695793
25695792
25695371
25692789
25692219
25691357
25690687
25690622
25690574
25686061
25684002
25683789
25683223
25680955
25680953
25677841
25677840
25677839
25675854
25675293
25672564
25668779
25668331
25668003
25667124
25664976
25664493
25662739
25662498
25662491
25662329
25662182
25661137
25660155
25660073
25659300
25658334
25658023
25656695
25655680
25653524
25651962
25647105
25644392
25644106
25642882
25641784
25641368
25640871
25638714
25638316
25636135
25633641
25633257
25631064
25629389
25627929
25623821
25621993
25620607
25619411
25618125
25617129
25614882
25614401
25614047
25613756
25613452
25611172
25609580
25609456
25609161
25608472
25608222
25607624
25604688
25604499
25601463
25601197
25601107
25600926
25600592
25599230
25597808
25596325
25594374
25594130
25590363
25588324
25586458
25585885
25582131
25582025
25579966
25578580
25575981
25572905
25572681
25572680
25572351
25572344
25572326
25571661
25571195
25571193
25569959
25567410
25566880
25565789
25565557
25564159
25560082
25559985
25558041
25557653
25556634
25554860
25554680
25552068
27025105
26987222
25546177
25542794
25542495
25542494
25534634
25532989
25531666
25531665
25531660
25531634
25528016
25526652
25526231
25524169
25524084
25523967
25523661
25522972
25516446
25515238
25515200
25510445
25509984
25503104
25502016
25501919
25499632
25495769
25495267
25492977
25492352
25491674
25485976
25485722
25482534
25482470
25479711
25475672
25474777
25471984
25471980
25471473
25471019
25470423
25469016
25467371
25466850
25465192
25465095
25463770
25463484
25461683
25459371
25457978
25456832
25453577
25449348
25448406
25445950
25445107
25444933
25444223
25443922
25443921
25443920
25442727
25440417
25439431
25438863
25438854
25438848
25438846
25438844
25438842
25438838
25436949
25434634
25432420
25430989
25430988
25430986
25430985
25428566
25427561
25424299
25420161
25418428
25418058
25417575
25417574
25417572
25417571
25417570
25417569
25417020
25413461
25406023
25403416
25399626
25398590
25395847
25391603
25391263
25388947
25387875
25381645
25381180
25380618
25380302
25379959
25379845
25377640
25377069
25376916
25376670
25373687
25370955
25370670
25370409
25370408
25368249
25367065
25367011
25366724
25362759
25354679
25354118
25351775
25350470
25348781
25347871
25346445
25345942
25343339
25339291
25337919
25336947
25336483
25336476
25336295
25336291
25336074
25335722
25335718
25335711
25330481
25327678
25322964
25322761
25321941
25321171
25319584
25319432
25318411
25314095
25310966
25308944
25306722
25306640
25302829
25300314
25299534
25296356
25294804
25292067
25292063
25289655
25286703
25284104
25282371
25279726
25278753
25275075
25272253
25268103
25267432
25266646
26842151
25265178
25265120
25265119
25263588
25263163
25260734
25260052
25259797
25259574
25256894
25256892
25256774
25255946
25255275
25253828
25252205
25250095
25249258
25248075
25245434
25245127
25244218
25244217
25243147
25242382
25242303
25241245
25239030
25239004
25238929
25238143
25234874
25234021
25232657
25228225
25227052
25226930
25225906
25223387
25222068
25220275
25220273
25220272
25218184
25217038
25216980
25216604
25214362
25212832
25212238
25209741
25207762
25205025
25204363
25204028
25202041
25198970
25198833
25198092
25197876
25196687
25195780
25192747
25192147
25190592
25189687
25186419
25186406
25181810
25181627
25180922
25178596
25172619
25171494
25170601
25170221
25167961
25167156
25164477
25164143
25160862
25160768
25158863
25158717
25157926
25156145
25154933
25154567
25149298
25148950
25145962
25145504
25144821
25144818
25144817
25141776
25141274
25141110
25138889
25133971
25130451
25128864
25128695
25127411
25126972
25124472
25121946
25120252
25120250
25120249
25118900
25117743
25111348
25109407
25108738
25106678
25104207
25099495
25099394
25097127
25095632
25095601
25093816
25092089
25091997
25091628
25091504
25089699
25088304
25082479
25079940
25079516
25077695
25076069
25075104
25075103
25073662
25072649
25072529
25071910
25071354
25070123
25068220
25065380
25063476
25062981
25061939
25061038
25060830
25059814
25057068
25056850
25055747
25055517
25055378
25055272
25052560
25051221
25048179
25047875
25047651
25045075
25043759
25043556
25043075
25042700
25041288
25037747
25034815
25033688
25028545
25023826
25023114
25023095
25023094
25022368
25017322
25015425
25015199
25012486
25007372
25004954
25003563
25003520
25001587
24999112
24998103
24997178
24996576
24990884
24990355
24989416
24989412
24988736
24988436
24987905
24986239
24982965
24981462
24981447
24976309
24976088
24975708
27277902
24972734
24972500
24970857
24969254
24965999
24965858
24965420
24964063
24962829
24962825
24960703
24959075
24957689
24957292
24956960
24956457
24955144
24953128
24952224
24951900
24951357
24951216
24947843
24946959
24939285
24934371
24933285
24932986
24930692
24930337
24930030
24928362
24928236
24927903
24927076
24925593
24924258
24922685
24919266
24919215
24918871
24916747
24910274
24909357
24908352
24902949
24902457
24901687
24901445
24899634
24898987
24898413
24895230
24895156
24895038
24894923
24894922
24894786
24893259
24892264
24890197
24887973
24887664
24886171
24886079
24882930
24882925
24882525
24881526
24879341
24878785
24878319
24878144
24877877
24877838
24876191
24872472
24869616
24866938
24866603
24866602
24865270
24864490
24862781
24862475
24861888
24861309
24860021
24859660
24857416
24854493
24853040
24852878
24852468
24851459
24850310
24849730
24846340
24846075
24845289
24843132
24841356
24841341
24838866
24837052
24832065
24830551
24824711
24821213
24819120
24818880
24817542
24816363
24816361
24815538
24815452
24810945
24807858
24807751
24807018
24806011
24804547
24804509
24802592
24800654
24798386
24795888
24792067
24791413
24786363
24785439
24785433
24784408
24784108
24784034
24784016
24783638
24782468
24778021
24777618
24773041
24773040
24772773
24772620
24772619
24769010
24768489
24768487
24768445
24767510
24767289
24763615
24761711
24760791
24758903
24758030
24756812
24753285
24753206
24752646
24751998
24746229
24746090
24745382
24743733
24743630
24742590
24742221
24742101
24740176
24738355
24737389
24735765
24731983
24730298
24730236
24729414
24729219
24728517
24728004
24726786
24725813
24725326
24725154
24723334
24717690
24717226
24714757
24710053
24709072
24704017
24703269
24702509
24700308
24700256
24699720
24699230
24699158
24697646
24696277
24692741
24692076
24691525
24691139
24690895
24689973
24689931
24689838
24686760
24684072
24683168
24682902
24682715
24678757
24676419
24675491
24675485
24675244
24675243
24673744
24673062
24671638
24671332
24669804
24668148
24667169
24661947
24660754
24658953
24658945
24657073
24656719
24656704
24656455
24650235
24650132
24648368
24642222
24641798
24641342
24640602
24637577
24631377
24631148
24631036
24630851
24630839
24630305
24628354
24627326
24627283
24626566
24619813
24619561
24619404
24619067
24615177
24614832
24614441
24614391
24613643
24613640
24613635
24613551
24613223
24613211
24612644
24606763
24599802
24599409
24597006
24596022
24595660
24595182
24594854
24593742
24593740
24593299
24590263
24589258
24589188
24585511
24585046
24583092
24578723
24577736
27125005
24574255
24573668
24573458
24571175
24569252
24568699
24567045
24566274
24562547
24560187
24558434
24558362
24557692
24556974
24556711
24556560
24555909
24551303
24550214
24549267
24549034
24547783
24531912
24530434
24530229
24530090
24527455
24525482
24524961
24520385
24519527
24518555
24517911
24516953
24516867
24515985
24512647
24511912
24510985
24508779
24508778
24507988
24507771
24507686
24507669
24507337
24506651
24506293
24505341
24502804
24496362
24490762
24488579
24488442
24488372
24488004
24486913
24486324
24485877
24485527
24485118
24478117
24475822
24474139
24474138
24474132
24471936
24471476
24471389
24471379
24470294
24469922
24467933
24465834
24464096
24463345
24462603
24462385
24462161
24462160
24462156
24462152
24461626
24460731
24460419
24460134
24457156
24453916
24453852
24452995
24451026
24450690
24445091
24444474
24444167
24442034
24440663
24440028
24439098
24438158
24437794
24434838
24433332
24432724
24417822
24417801
24417349
24412177
24412173
24412081
24411189
24409969
24409464
24407541
24402693
24398544
24396880
24393586
24393333
24392996
24389932
24388411
24387128
24384968
24383549
24382836
24380611
24379665
24379664
24378877
24378009
24375188
24375059
24374987
24374385
24373800
24372346
26030948
25955712
25816672
25816665
24371027
24370285
24369230
24366665
24366015
24363555
24361216
24360886
24356799
24352601
24352564
24351722
24350642
24349337
24347444
24347129
24346159
24346151
24346084
24339016
24337790
24337648
24331707
24329132
24325307
24325282
24324369
24322531
24322529
24322433
24321857
24321299
24320540
24320104
24317957
24317231
24317192
24315666
24315395
24314413
24308420
24304490
24300558
24297498
24292954
24288148
24286282
24286257
24285365
24283274
24282341
24281889
24276642
24274670
24273289
24270943
24270800
24270634
24269966
24269167
24269027
24268740
24268453
24268450
24267524
24267423
24264647
24263315
24263312
24263309
24262998
24261503
24259459
24259398
24253520
24252911
24249326
24246609
24246245
24243500
24242680
24241953
24239510
24239361
24238345
24231530
24225312
24220354
24219800
24219799
24219798
24217789
24215670
24212227
24211967
24210288
24209429
24206161
24201745
24200980
24200903
24197761
24193289
24193287
24184641
24183548
24178235
24176120
24172641
24171441
24169596
24168971
24165306
24163108
24158468
24158467
24157254
24157224
24156619
24154945
24149990
24144336
24143959
24139986
24139920
24138472
24136665
24133024
24131333
24131317
24127773
24126288
24122725
24120049
24115690
24112045
24106927
24102326
24096760
24091755
24085595
24084595
24081798
24079349
24075837
24075785
24074039
24072779
24072234
24070544
24063958
24062379
24061624
24057100
24056114
24054759
24050253
24046124
24035502
24035410
24024595
24021490
24021388
24018983
24013622
24012583
24008554
24008037
24001056
24001026
23997032
23990331
23990289
23982251
23982249
23980020
23978616
23975316
23972558
23968194
23949287
23948846
23948508
23933617
23928264
23925592
23917165
23901014
23897008
23896623
23884733
23868442
23856344
23846542
23843157
23827736
23813416
23799458
23793364
23787221
23786649
23780709
23769825
23768942
23765447
23746399
23744569
23737023
23728304
23722108
23719400
23681669
23673346
23670981
23669165
23663228
23660737
23614830
23607713
23604846
23584231
23559437
23558224
23535892
23525869
23509063
23460510
23456309
23440850
23435834
23384126
23263406
23224234
23192946
23163982
23128815
23026154
22998400
22986701
